1 1.01283
2 0.94361
3 0.941458
4 1.00103
5 1.05342
6 1.06052
7 1.11058
8 1.12219
9 1.16227
10 1.20304
11 1.26199
12 1.30934
13 1.35905
14 1.39215
15 1.39137
16 1.39296
17 1.39335
18 1.3681
19 1.31634
20 1.24716
21 1.22617
22 1.19539
23 1.14028
24 1.08352
25 1.05745
26 1.04765
27 1.07656
28 1.08661
29 1.06799
30 1.06256
31 1.03386
32 1.00368
33 0.883237
34 0.830192
35 0.775853
36 0.71955
37 0.629299
38 0.487287
39 0.409547
40 0.351922
41 0.337321
42 0.316359
43 0.3048
44 0.24198
45 0.144627
46 0.115005
47 0.0247327
48 -0.0558278
49 -0.110578
50 -0.244744
51 -0.324258
52 -0.44517
53 -0.495092
54 -0.64635
55 -0.838153
56 -0.915586
57 -0.978727
58 -1.04641
59 -1.11959
60 -1.15878
61 -1.22297
62 -1.32481
63 -1.49684
64 -1.5993
65 -1.66568
66 -1.79702
67 -2.01179
68 -2.18242
69 -2.30168
70 -2.3643
71 -2.46779
72 -2.58556
73 -2.72168
74 -2.96032
75 -3.17344
76 -3.32516
77 -3.38421
78 -3.40346
79 -3.52393
80 -3.68324
81 -3.85589
82 -4.03138
83 -4.04403
84 -4.13951
85 -4.35791
86 -4.66279
87 -4.93261
88 -5.05164
89 -5.1871
90 -5.35592
91 -5.57644
92 -5.56931
93 -5.52246
94 -5.70603
95 -5.96876
96 -5.97824
97 -5.7288
98 -5.34181
99 -4.08232
